0.06334613
0.06296966
0.06258390
0.06218885
0.06178394
0.06136973
0.06094627
0.06051488
0.06007576
0.05962997
0.05917915
0.05872533
0.05826909
0.05781207
0.05735696
0.05690775
0.05646694
0.05603570
0.05561742
0.05521489
0.05482930
0.05446262
0.05411694
0.05379402
0.05349400
0.05321873
0.05296785
0.05274017
0.05253376
0.05234663
0.05217762
0.05202609
0.05189143
0.05177226
0.05166720
0.05157386
0.05149154
0.05141910
0.05135531
0.05129981
0.05125143
0.05120831
0.05117016
0.05113660
0.05110689
0.05107972
0.05105482
0.05103150
0.05100942
0.05098851
0.05096835
0.05094899
0.05093045
0.05091269
0.05089587
0.05087993
0.05086523
0.05085148
0.05083824
0.05082574
0.05081420
0.05080351
0.05079374
0.05078447
0.05077565
0.05076756
0.05076027
0.05075373
0.05074754
0.05074166
0.05073591
0.05073047
0.05072536
0.05072051
0.05071583
0.05071135
0.05070707
0.05070307
0.05069944
0.05069599
0.05069270
0.05068943
0.05068633
0.05068334
0.05068046
0.05067779
0.05067527
0.05067286
0.05067053
0.05066823
0.05066611
0.05066405
0.05066210
0.05066019
0.05065827
0.05065643
0.05065469
0.05065305
0.05065148
0.05064991
0.05064841
0.05064699
0.05064554
0.05064417
0.05064284
0.05064150
0.05064030
0.05063919
0.05063806
0.05063694
0.05063586
0.05063479
0.05063376
0.05063274
0.05063177
0.05063089
0.05063000
0.05062908
0.05062826
0.05062751
0.05062671
0.05062591
0.05062510
0.05062434
0.05062363
0.05062292
0.05062218
0.05062148
0.05062082
0.05062021
0.05061960
0.05061892
0.05061833
0.05061774
0.05061714
0.05061657
0.05061606
0.05061553
0.05061498
0.05061449
0.05061398
0.05061349
0.05061300
0.05061250
0.05061202
0.05061157
0.05061115
0.05061069
0.05061021
0.05060977
0.05060939
0.05060899
0.05060856
0.05060815
0.05060777
0.05060740
0.05060696
0.05060653
0.05060624
0.05060588
0.05060552
0.05060513
0.05060479
0.05060449
0.05060412
0.05060381
0.05060342
0.05060311
0.05060279
0.05060250
0.05060220
0.05060192
0.05060156
0.05060132
0.05060108
0.05060082
0.05060056
0.05060025
0.05060000
0.05059967
0.05059939
0.05059916
0.05059893
0.05059873
0.05059842
0.05059814
0.05059789
0.05059767
0.05059751
0.05059725
0.05059701
0.05059675
0.05059652
0.05059633
0.05059611
0.05059587
0.05059567
0.05059546
0.05059529
0.05059508
0.05059490
0.05059467
0.05059453
0.05059437
0.05059416
0.05059396
0.05059379
0.05059360
0.05059342
0.05059328
0.05059303
0.05059286
0.05059275
0.05059261
0.05059241
0.05059220
0.05059201
0.05059189
0.05059171
0.05059150
0.05059136
0.05059118
0.05059105
0.05059094
0.05059084
0.05059063
0.05059046
0.05059030
0.05059016
0.05059004
0.05058989
0.05058973
0.05058963
0.05058946
0.05058928
0.05058916
0.05058903
0.05058887
0.05058874
0.05058866
0.05058848
0.05058835
0.05058831
0.05058822
0.05058804
0.05058797
0.05058787
0.05058776
0.05058761
0.05058743
0.05058736
0.05058723
0.05058713
0.05058702
0.05058690
0.05058682
0.05058671
0.05058656
0.05058644
0.05058638
0.05058632
0.05058618
0.05058609
0.05058598
0.05058589
0.05058577
0.05058565
0.05058555
0.05058549
0.05058541
0.05058530
0.05058515
0.05058506
0.05058504
0.05058494
0.05058480
0.05058473
0.05058471
0.05058460
0.05058451
0.05058439
0.05058427
0.05058425
0.05058419
0.05058410
0.05058405
0.05058390
0.05058381
0.05058378
0.05058366
0.05058358
0.05058351
0.05058343
0.05058335
0.05058334
0.05058325
0.05058317
0.05058309
0.05058302
0.05058298
0.05058290
0.05058281
0.05058272
0.05058263
0.05058256
0.05058246
0.05058241
0.05058238
0.05058229
0.05058217
0.05058208
0.05058207
0.05058205
0.05058196
0.05058187
0.05058185
0.05058184
0.05058168
0.05058165
0.05058162
0.05058156
0.05058146
0.05058140
0.05058132
0.05058130
0.05058129
0.05058125
0.05058113
0.05058107
0.05058102
0.05058099
0.05058090
0.05058080
0.05058080
0.05058078
0.05058068
0.05058065
0.05058059
0.05058047
0.05058049
0.05058049
0.05058042
0.05058035
0.05058030
0.05058025
0.05058016
0.05058010
0.05058004
0.05057999
0.05057997
0.05057983
0.05057982
0.05057976
0.05057972
0.05057966
0.05057964
0.05057966
0.05057955
0.05057954
0.05057952
0.05057945
0.05057938
0.05057938
0.05057931
0.05057930
0.05057919
0.05057914
0.05057907
0.05057903
0.05057903
0.05057892
0.05057890
0.05057890
0.05057889
0.05057889
0.05057887
0.05057880
0.05057878
0.05057868
0.05057864
0.05057863
0.05057862
0.05057856
0.05057850
0.05057838
0.05057839
0.05057843
0.05057835
0.05057828
0.05057825
0.05057823
0.05057820
0.05057820
0.05057814
0.05057807
0.05057804
0.05057803
0.05057795
0.05057794
0.05057791